um: .word 16, 16
.byte 0,0,0,0,0,0,0,0,0,0,0,0,0,0,0,0,
0,0,0,0,0,0,0,0,0,0,0,0,0,0,0,0,
0,0,0,0,0,0,0,0,73,0,0,0,0,0,0,0,
0,0,0,0,0,0,82,173,255,9,0,0,0,0,0,0,
0,0,0,0,0,164,255,164,255,9,0,0,0,0,0,0,
0,0,0,0,0,91,0,82,255,9,0,0,0,0,0,0,
0,0,0,0,0,0,0,82,255,9,0,0,0,0,0,0,
0,0,0,0,0,0,0,82,255,9,0,0,0,0,0,0,
0,0,0,0,0,0,0,82,255,9,0,0,0,0,0,0,
0,0,0,0,0,0,0,82,255,9,0,0,0,0,0,0,
0,0,0,0,0,0,0,82,255,9,0,0,0,0,0,0,
0,0,0,0,0,0,9,82,255,82,9,0,0,0,0,0,
0,0,0,0,0,164,255,255,255,255,255,82,0,0,0,0,
0,0,0,0,0,0,0,0,0,0,0,0,0,0,0,0,
0,0,0,0,0,0,0,0,0,0,0,0,0,0,0,0,
0,0,0,0,0,0,0,0,0,0,0,0,0,0,0,0,


