INTRO MEGALOVANIA
TAMANHO: 80
NOTAS: 60,125,60,125,72,250,67,375,66,250,65,250,64,250,60,125,64,125,65,125,59,125,59,125,72,250,67,375,66,250,65,250,64,250,60,125,64,125,65,125,58,125,58,125,72,250,67,375,66,250,65,250,64,250,60,125,64,125,65,125,57,125,57,125,72,250,67,375,66,250,65,250,64,250,60,125,64,125,65,125,60,125,60,125,72,250,67,375,66,250,65,250,64,250,60,125,64,125,65,125,59,125,59,125,72,250,67,375,66,250,65,250,64,250,60,125,64,125,65,125,58,125,58,125,72,250,67,375,66,250,65,250,64,250,60,125,64,125,65,125,57,125,57,125,72,250,67,375,66,250,65,250,64,250,60,125,64,125,65,125

CHORUS WEIGHT OF TTHE WORLD
TAMANHO: 71
NOTAS: 59,405,60,202,60,202,59,202,60,405,67,405,67,1418,59,405,60,202,60,202,59,202,60,405,67,405,67,405,69,202,67,811,60,202,62,202,64,405,65,202,64,405,65,405,64,608,62,405,60,405,62,1622,60,202,59,1418,59,405,60,202,60,202,59,202,60,405,67,405,67,1418,59,405,60,202,60,202,59,202,60,405,67,405,67,405,69,202,67,811,60,202,62,202,64,405,65,202,64,405,65,405,64,608,62,405,60,405,62,2838,64,202,62,202,60,202,59,202,60,405,60,202,60,405,60,607,59,405,60,405,64,405,67,1622,60,202,60,4257,59,608,60,202,60,3244
Verse
TAMANHO: 90
NOTAS: 57,202,57,202,57,405,57,202,57,405,59,405,60,1418,57,202,57,202,57,405,57,202,57,405,59,202,60,810,60,202,62,202,64,2433,64,202,65,202,64,202,64,405,62,202,62,2838,57,202,57,202,57,405,57,202,57,202,57,202,59,202,60,1621,57,202,57,202,57,405,57,202,57,405,59,202,60,810,60,405,67,2433,67,202,65,202,64,202,64,405,62,202,62,2027,62,202,60,202,59,405,60,1622,62,1622,64,1013,65,405,64,202,60,1622,60,405,60,202,60,405,60,405,60,608,59,405,60,405,62,405,62,405,64,202,64,2635,60,1622,62,1622,64,1013,65,405,64,202,60,1216,60,405,67,405,67,202,67,405,70,405,67,608,65,405,64,405,65,405,62,2432,59,202,60,202,62,405,64,1013,65,202,64,202,64,1418,59,405


Chorus UNRAVEL
TAMANHO: 75
NOTAS: 64,351,62,351,62,234,62,351,60,351,59,469,60,469,59,469,55,469,55,234,64,234,64,117,62,351,62,234,62,234,62,117,60,351,60,234,59,351,60,351,67,469,60,469,60,234,69,351,67,351,64,469,60,469,60,234,60,469,59,234,57,469,59,469,60,1876,60,234,60,351,59,351,55,469,52,469,52,234,64,234,64,117,62,351,62,234,62,234,62,117,60,351,60,234,59,351,60,351,59,469,55,469,55,234,64,234,64,117,62,351,62,234,62,234,62,117,60,351,60,234,59,351,60,351,67,469,60,469,60,234,69,351,67,351,64,234,60,703,60,234,60,469,59,234,57,469,59,469,60,3986
Intro
TAMANHO: 54
NOTAS: 62,469,60,469,59,234,57,469,62,469,60,469,59,469,57,469,57,234,55,703,55,234,53,469,55,234,52,1876,52,234,52,469,52,234,52,469,64,234,64,2110,60,234,59,469,59,234,59,469,60,234,60,2110,60,234,62,469,60,469,59,234,57,469,62,469,60,469,59,469,57,469,57,234,55,703,55,234,53,469,55,234,52,1876,52,234,52,469,52,234,52,469,64,234,64,2110,60,234,59,469,59,234,59,469,60,234,60,2110,52,234

OUTRO MUSIQUINHA PAPYRUS
TAMANHO:24
NOTAS: 65,200,69,200,72,200,77,300,79,100,81,400,79,200,77,200,74,400,73,300,74,100,76,200,74,200,72,200,73,200,72,200,74,200,76,400,72,400,73,200,72,200,74,400,72,400,84,200
